7141
6474
6091
5841
5601
5430
5276
5166
5066
4971
4877
4789
4708
4622
4576
4489
4423
4352
4294
4212
4142
4103
4033
3985
3927
3868
3801
3747
3703
3664
3614
3558
3511
3458
3409
3368
3323
3272
3234
3188
3134
3098
3078
3050
3014
2983
2956
2901
2875
2851
2829
2798
2772
2735
2697
2650
2626
2602
2573
2551
2513
2474
2450
2427
2397
2382
2356
2326
2292
2271
2246
2232
2214
2187
2157
2123
2090
2076
2059
2038
2025
2002
1982
1970
1953
1935
1913
1899
1882
1866
1849
1838
1831
1814
1790
1775
1759
1738
1729
1718
1708
1690
1673
1659
1648
1636
1621
1605
1593
1578
1565
1551
1539
1526
1513
1500
1485
1476
1469
1460
1449
1443
1433
1422
1403
1388
1375
1364
1354
1347
1341
1333
1326
1319
1307
1301
1289
1286
1268
1259
1254
1246
1235
1222
1212
1205
1197
1194
1187
1180
1173
1163
1150
1143
1138
1133
1126
1119
1109
1098
1093
1087
1081
1078
1072
1067
1063
1054
1051
1046
1041
1035
1032
1022
1020
1016
1015
1014
1012
1005
1002
999
993
990
987
986
984
982
978
977
976
972
971
967
965
963
963
961
959
958
955
947
947
943
942
940
938
934
929
925
925
922
922
921
919
916
910
906
906
903
899
894
889
886
883
881
880
875
874
870
870
866
864
861
858
853
849
847
844
842
841
836
831
829
824
820
818
816
813
809
809
808
806
804
802
802
801
798
796
793
791
789
785
783
778
776
776
773
771
769
769
764
761
761
760
760
759
758
756
753
749
747
747
744
743
740
736
733
733
730
728
725
721
719
717
714
712
707
706
703
699
699
695
694
691
686
680
677
674
670
669
669
668
666
665
664
662
662
660
657
657
651
651
650
649
649
647
644
644
641
640
637
636
635
633
631
629
627
624
624
623
619
616
615
615
613
613
613
613
613
612
609
607
606
605
605
601
600
599
599
598
597
596
595
592
592
591
590
589
589
588
588
588
588
587
585
583
583
583
582
580
580
580
578
575
572
570
569
569
569
567
567
566
566
564
561
561
560
558
556
555
552
551
550
549
546
544
539
538
537
535
534
534
534
533
532
531
529
528
524
522
521
520
520
520
520
520
518
517
515
515
514
514
514
512
511
509
509
506
505
505
505
504
504
504
501
501
500
500
497
496
493
493
492
492
491
490
489
488
486
486
485
485
485
485
483
483
479
479
478
478
474
474
471
471
468
468
467
467
467
467
466
466
466
464
463
461
460
459
457
457
457
457
457
457
455
455
455
455
455
455
452
452
452
451
448
448
447
445
444
444
444
443
441
437
437
436
434
432
432
431
431
430
429
428
428
427
426
424
424
423
423
422
422
422
421
421
421
420
416
416
415
412
412
412
412
412
412
411
410
410
410
408
407
406
406
405
404
404
404
403
403
403
400
400
399
399
398
398
397
397
397
397
397
396
396
394
394
393
393
392
392
392
392
392
392
392
391
391
390
390
389
389
389
389
388
384
383
382
382
382
382
382
380
380
380
379
379
379
379
378
378
376
375
372
372
372
372
372
372
371
370
369
369
367
366
365
365
365
365
365
365
365
365
365
365
364
364
363
361
360
359
358
355
355
355
352
351
351
350
348
348
348
348
347
346
344
344
344
344
344
344
344
344
344
342
341
341
340
340
339
338
337
336
336
336
335
333
333
333
333
332
332
332
332
332
331
330
330
329
329
328
328
328
327
327
327
327
327
326
325
325
323
323
323
323
322
321
321
320
319
318
318
318
318
318
318
318
318
317
315
315
313
313
313
313
313
313
313
313
313
313
312
312
312
312
312
311
309
309
307
307
307
307
307
307
307
307
307
305
304
303
303
303
303
302
300
300
300
300
299
298
298
298
298
297
296
296
296
296
296
296
295
295
293
293
292
292
291
291
291
291
291
291
291
291
291
291
290
289
289
289
288
288
287
286
286
286
285
285
285
284
282
282
280
280
280
280
279
279
279
279
279
278
278
277
277
277
277
277
277
277
277
276
275
275
275
275
275
274
274
272
272
272
272
271
271
270
270
270
269
268
268
268
268
268
268
268
267
267
266
266
265
265
265
265
265
264
263
263
263
262
262
262
262
262
261
259
259
259
259
258
258
258
258
258
257
257
255
255
255
253
252
252
252
252
252
252
252
251
250
250
250
250
250
250
250
250
250
250
250
250
250
249
247
246
246
246
246
246
245
245
245
245
244
244
243
243
243
243
242
242
242
242
241
241
241
240
240
240
240
240
240
240
240
240
239
239
239
239
239
239
239
238
238
237
237
237
236
235
235
234
234
234
234
234
233
233
233
233
233
232
232
231
231
231
230
230
230
229
229
229
229
229
229
228
228
227
227
225
225
225
225
224
224
224
224
224
224
224
223
223
223
223
223
223
223
223
222
222
221
220
220
220
220
220
219
218
218
218
218
218
217
217
217
217
217
217
217
217
217
217
217
217
216
216
216
215
215
215
214
214
214
214
214
213
213
213
213
213
212
212
212
211
209
209
209
209
208
207
207
207
207
207
207
207
207
207
207
207
207
207
207
206
205
205
205
205
205
205
205
205
205
205
205
205
205
205
205
205
205
205
205
205
204
202
202
202
201
201
201
201
201
201
201
201
201
201
201
201
201
201
201
201
201
201
201
201
201
200
200
200
200
200
200
199
199
199
199
199
199
198
198
198
198
198
198
198
198
198
198
198
198
198
198
198
197
195
194